[102   0]
[103   0]
[104   0]
[105   0]
[106   0]
[107   0]
[108   0]
[109   0]
[110   0]
[111   0]
[112   0]
[113   0]
[133   0]
[134   0]
[135   0]
[136   0]
[137   0]
[138   0]
[139   0]
[140   0]
[161   0]
[162   0]
[163   0]
[164   0]
[165   0]
[166   0]
[167   0]
[168   0]
[169   0]
[188   0]
[189   0]
[190   0]
[191   0]
[192   0]
[193   0]
[194   0]
[195   0]
[196   0]
[197   0]
[198   0]
[199   0]
[200   0]
[201   0]
[202   0]
[72  1]
[73  1]
[74  1]
[75  1]
[76  1]
[77  1]
[78  1]
[79  1]
[80  1]
[81  1]
[82  1]
[83  1]
[84  1]
[85  1]
[86  1]
[102   1]
[103   1]
[104   1]
[105   1]
[106   1]
[107   1]
[108   1]
[109   1]
[110   1]
[111   1]
[112   1]
[113   1]
[133   1]
[134   1]
[135   1]
[136   1]
[137   1]
[138   1]
[139   1]
[140   1]
[160   1]
[161   1]
[162   1]
[163   1]
[164   1]
[165   1]
[166   1]
[167   1]
[168   1]
[169   1]
[170   1]
[187   1]
[188   1]
[189   1]
[190   1]
[191   1]
[192   1]
[193   1]
[194   1]
[195   1]
[196   1]
[197   1]
[198   1]
[199   1]
[200   1]
[201   1]
[202   1]
[203   1]
[46  2]
[47  2]
[48  2]
[49  2]
[50  2]
[71  2]
[72  2]
[73  2]
[74  2]
[75  2]
[76  2]
[77  2]
[78  2]
[79  2]
[80  2]
[81  2]
[82  2]
[83  2]
[84  2]
[85  2]
[86  2]
[87  2]
[102   2]
[103   2]
[104   2]
[105   2]
[106   2]
[107   2]
[108   2]
[109   2]
[110   2]
[111   2]
[112   2]
[113   2]
[133   2]
[134   2]
[135   2]
[136   2]
[137   2]
[138   2]
[139   2]
[140   2]
[160   2]
[161   2]
[162   2]
[163   2]
[164   2]
[165   2]
[166   2]
[167   2]
[168   2]
[169   2]
[170   2]
[186   2]
[187   2]
[188   2]
[189   2]
[190   2]
[191   2]
[192   2]
[193   2]
[194   2]
[195   2]
[196   2]
[197   2]
[198   2]
[199   2]
[200   2]
[201   2]
[202   2]
[203   2]
[45  3]
[46  3]
[47  3]
[48  3]
[49  3]
[50  3]
[51  3]
[71  3]
[72  3]
[73  3]
[74  3]
[75  3]
[76  3]
[77  3]
[78  3]
[79  3]
[80  3]
[81  3]
[82  3]
[83  3]
[84  3]
[85  3]
[86  3]
[87  3]
[102   3]
[103   3]
[104   3]
[105   3]
[106   3]
[107   3]
[108   3]
[109   3]
[110   3]
[111   3]
[112   3]
[113   3]
[133   3]
[134   3]
[135   3]
[136   3]
[137   3]
[138   3]
[139   3]
[140   3]
[160   3]
[161   3]
[162   3]
[163   3]
[164   3]
[165   3]
[166   3]
[167   3]
[168   3]
[169   3]
[170   3]
[186   3]
[187   3]
[188   3]
[189   3]
[190   3]
[191   3]
[192   3]
[193   3]
[194   3]
[195   3]
[196   3]
[197   3]
[198   3]
[199   3]
[200   3]
[201   3]
[202   3]
[203   3]
[44  4]
[45  4]
[46  4]
[47  4]
[48  4]
[49  4]
[50  4]
[51  4]
[52  4]
[71  4]
[72  4]
[73  4]
[74  4]
[75  4]
[76  4]
[77  4]
[78  4]
[79  4]
[80  4]
[81  4]
[82  4]
[83  4]
[84  4]
[85  4]
[86  4]
[87  4]
[102   4]
[103   4]
[104   4]
[105   4]
[106   4]
[107   4]
[108   4]
[109   4]
[110   4]
[111   4]
[112   4]
[113   4]
[133   4]
[134   4]
[135   4]
[136   4]
[137   4]
[138   4]
[139   4]
[140   4]
[160   4]
[161   4]
[162   4]
[163   4]
[164   4]
[165   4]
[166   4]
[167   4]
[168   4]
[169   4]
[170   4]
[186   4]
[187   4]
[188   4]
[189   4]
[190   4]
[191   4]
[192   4]
[193   4]
[194   4]
[195   4]
[196   4]
[197   4]
[198   4]
[199   4]
[200   4]
[201   4]
[202   4]
[203   4]
[44  5]
[45  5]
[46  5]
[47  5]
[48  5]
[49  5]
[50  5]
[51  5]
[52  5]
[71  5]
[72  5]
[73  5]
[74  5]
[75  5]
[76  5]
[77  5]
[78  5]
[79  5]
[80  5]
[81  5]
[82  5]
[83  5]
[84  5]
[85  5]
[86  5]
[87  5]
[102   5]
[103   5]
[104   5]
[105   5]
[106   5]
[107   5]
[108   5]
[109   5]
[110   5]
[111   5]
[112   5]
[113   5]
[133   5]
[134   5]
[135   5]
[136   5]
[137   5]
[138   5]
[139   5]
[140   5]
[160   5]
[161   5]
[162   5]
[163   5]
[164   5]
[165   5]
[166   5]
[167   5]
[168   5]
[169   5]
[170   5]
[186   5]
[187   5]
[188   5]
[189   5]
[190   5]
[191   5]
[192   5]
[193   5]
[194   5]
[195   5]
[196   5]
[197   5]
[198   5]
[199   5]
[200   5]
[201   5]
[202   5]
[203   5]
[44  6]
[45  6]
[46  6]
[47  6]
[48  6]
[49  6]
[50  6]
[51  6]
[52  6]
[53  6]
[71  6]
[72  6]
[73  6]
[74  6]
[75  6]
[76  6]
[77  6]
[78  6]
[79  6]
[80  6]
[81  6]
[82  6]
[83  6]
[84  6]
[85  6]
[86  6]
[87  6]
[102   6]
[103   6]
[104   6]
[105   6]
[106   6]
[107   6]
[108   6]
[109   6]
[110   6]
[111   6]
[112   6]
[113   6]
[134   6]
[135   6]
[136   6]
[137   6]
[138   6]
[139   6]
[160   6]
[161   6]
[162   6]
[163   6]
[164   6]
[165   6]
[166   6]
[167   6]
[168   6]
[169   6]
[170   6]
[186   6]
[187   6]
[188   6]
[189   6]
[190   6]
[191   6]
[192   6]
[193   6]
[194   6]
[195   6]
[196   6]
[197   6]
[198   6]
[199   6]
[200   6]
[201   6]
[202   6]
[203   6]
[255   6]
[256   6]
[257   6]
[258   6]
[259   6]
[260   6]
[261   6]
[262   6]
[263   6]
[264   6]
[278   6]
[279   6]
[280   6]
[281   6]
[282   6]
[283   6]
[284   6]
[285   6]
[286   6]
[287   6]
[288   6]
[44  7]
[45  7]
[46  7]
[47  7]
[48  7]
[49  7]
[50  7]
[51  7]
[52  7]
[53  7]
[71  7]
[72  7]
[73  7]
[74  7]
[75  7]
[76  7]
[77  7]
[78  7]
[79  7]
[80  7]
[81  7]
[82  7]
[83  7]
[84  7]
[85  7]
[86  7]
[87  7]
[102   7]
[103   7]
[104   7]
[105   7]
[106   7]
[107   7]
[108   7]
[109   7]
[110   7]
[111   7]
[112   7]
[113   7]
[135   7]
[136   7]
[137   7]
[138   7]
[160   7]
[161   7]
[162   7]
[163   7]
[164   7]
[165   7]
[166   7]
[167   7]
[168   7]
[169   7]
[170   7]
[186   7]
[187   7]
[188   7]
[189   7]
[190   7]
[191   7]
[192   7]
[193   7]
[194   7]
[195   7]
[196   7]
[197   7]
[198   7]
[199   7]
[200   7]
[201   7]
[202   7]
[203   7]
[254   7]
[255   7]
[256   7]
[257   7]
[258   7]
[259   7]
[260   7]
[261   7]
[262   7]
[263   7]
[264   7]
[265   7]
[277   7]
[278   7]
[279   7]
[280   7]
[281   7]
[282   7]
[283   7]
[284   7]
[285   7]
[286   7]
[287   7]
[288   7]
[289   7]
[45  8]
[46  8]
[47  8]
[48  8]
[49  8]
[50  8]
[51  8]
[52  8]
[53  8]
[72  8]
[73  8]
[74  8]
[75  8]
[76  8]
[77  8]
[78  8]
[79  8]
[80  8]
[81  8]
[82  8]
[83  8]
[84  8]
[85  8]
[86  8]
[87  8]
[102   8]
[103   8]
[104   8]
[105   8]
[106   8]
[107   8]
[108   8]
[109   8]
[110   8]
[111   8]
[112   8]
[113   8]
[161   8]
[162   8]
[163   8]
[164   8]
[165   8]
[166   8]
[167   8]
[168   8]
[169   8]
[187   8]
[188   8]
[189   8]
[190   8]
[191   8]
[192   8]
[193   8]
[194   8]
[195   8]
[196   8]
[197   8]
[198   8]
[199   8]
[200   8]
[201   8]
[202   8]
[203   8]
[253   8]
[254   8]
[255   8]
[256   8]
[257   8]
[258   8]
[259   8]
[260   8]
[261   8]
[262   8]
[263   8]
[264   8]
[265   8]
[266   8]
[276   8]
[277   8]
[278   8]
[279   8]
[280   8]
[281   8]
[282   8]
[283   8]
[284   8]
[285   8]
[286   8]
[287   8]
[288   8]
[289   8]
[45  9]
[46  9]
[47  9]
[48  9]
[49  9]
[50  9]
[51  9]
[52  9]
[73  9]
[74  9]
[75  9]
[76  9]
[77  9]
[78  9]
[79  9]
[80  9]
[81  9]
[82  9]
[83  9]
[84  9]
[85  9]
[86  9]
[103   9]
[104   9]
[105   9]
[106   9]
[107   9]
[108   9]
[109   9]
[110   9]
[111   9]
[112   9]
[162   9]
[163   9]
[164   9]
[165   9]
[166   9]
[167   9]
[168   9]
[188   9]
[189   9]
[190   9]
[191   9]
[192   9]
[193   9]
[194   9]
[195   9]
[196   9]
[197   9]
[198   9]
[199   9]
[200   9]
[201   9]
[202   9]
[252   9]
[253   9]
[254   9]
[255   9]
[256   9]
[257   9]
[258   9]
[259   9]
[260   9]
[261   9]
[262   9]
[263   9]
[264   9]
[265   9]
[266   9]
[267   9]
[275   9]
[276   9]
[277   9]
[278   9]
[279   9]
[280   9]
[281   9]
[282   9]
[283   9]
[284   9]
[285   9]
[286   9]
[287   9]
[288   9]
[289   9]
[290   9]
[46 10]
[47 10]
[48 10]
[49 10]
[50 10]
[51 10]
[104  10]
[105  10]
[106  10]
[107  10]
[108  10]
[109  10]
[110  10]
[111  10]
[252  10]
[253  10]
[254  10]
[255  10]
[256  10]
[257  10]
[258  10]
[259  10]
[260  10]
[261  10]
[262  10]
[263  10]
[264  10]
[265  10]
[266  10]
[267  10]
[275  10]
[276  10]
[277  10]
[278  10]
[279  10]
[280  10]
[281  10]
[282  10]
[283  10]
[284  10]
[285  10]
[286  10]
[287  10]
[288  10]
[289  10]
[290  10]
[47 11]
[48 11]
[49 11]
[50 11]
[251  11]
[252  11]
[253  11]
[254  11]
[255  11]
[256  11]
[257  11]
[258  11]
[259  11]
[260  11]
[261  11]
[262  11]
[263  11]
[264  11]
[265  11]
[266  11]
[267  11]
[275  11]
[276  11]
[277  11]
[278  11]
[279  11]
[280  11]
[281  11]
[282  11]
[283  11]
[284  11]
[285  11]
[286  11]
[287  11]
[288  11]
[289  11]
[290  11]
[251  12]
[252  12]
[253  12]
[254  12]
[255  12]
[256  12]
[257  12]
[258  12]
[259  12]
[260  12]
[261  12]
[262  12]
[263  12]
[264  12]
[265  12]
[266  12]
[267  12]
[274  12]
[275  12]
[276  12]
[277  12]
[278  12]
[279  12]
[280  12]
[281  12]
[282  12]
[283  12]
[284  12]
[285  12]
[286  12]
[287  12]
[288  12]
[289  12]
[290  12]
[291  12]
[251  13]
[252  13]
[253  13]
[254  13]
[255  13]
[256  13]
[257  13]
[258  13]
[259  13]
[260  13]
[261  13]
[262  13]
[263  13]
[264  13]
[265  13]
[266  13]
[267  13]
[274  13]
[275  13]
[276  13]
[277  13]
[278  13]
[279  13]
[280  13]
[281  13]
[282  13]
[283  13]
[284  13]
[285  13]
[286  13]
[287  13]
[288  13]
[289  13]
[290  13]
[291  13]
[251  14]
[252  14]
[253  14]
[254  14]
[255  14]
[256  14]
[257  14]
[258  14]
[259  14]
[260  14]
[261  14]
[262  14]
[263  14]
[264  14]
[265  14]
[266  14]
[267  14]
[274  14]
[275  14]
[276  14]
[277  14]
[278  14]
[279  14]
[280  14]
[281  14]
[282  14]
[283  14]
[284  14]
[285  14]
[286  14]
[287  14]
[288  14]
[289  14]
[290  14]
[291  14]
[251  15]
[252  15]
[253  15]
[254  15]
[255  15]
[256  15]
[257  15]
[258  15]
[259  15]
[260  15]
[261  15]
[262  15]
[263  15]
[264  15]
[265  15]
[266  15]
[267  15]
[274  15]
[275  15]
[276  15]
[277  15]
[278  15]
[279  15]
[280  15]
[281  15]
[282  15]
[283  15]
[284  15]
[285  15]
[286  15]
[287  15]
[288  15]
[289  15]
[290  15]
[291  15]
[251  16]
[252  16]
[253  16]
[254  16]
[255  16]
[256  16]
[257  16]
[258  16]
[259  16]
[260  16]
[261  16]
[262  16]
[263  16]
[264  16]
[265  16]
[266  16]
[267  16]
[275  16]
[276  16]
[277  16]
[278  16]
[279  16]
[280  16]
[281  16]
[282  16]
[283  16]
[284  16]
[285  16]
[286  16]
[287  16]
[288  16]
[289  16]
[290  16]
[252  17]
[253  17]
[254  17]
[255  17]
[256  17]
[257  17]
[258  17]
[259  17]
[260  17]
[261  17]
[262  17]
[263  17]
[264  17]
[265  17]
[266  17]
[275  17]
[276  17]
[277  17]
[278  17]
[279  17]
[280  17]
[281  17]
[282  17]
[283  17]
[284  17]
[285  17]
[286  17]
[287  17]
[288  17]
[289  17]
[290  17]
[252  18]
[253  18]
[254  18]
[255  18]
[256  18]
[257  18]
[258  18]
[259  18]
[260  18]
[261  18]
[262  18]
[263  18]
[264  18]
[265  18]
[266  18]
[276  18]
[277  18]
[278  18]
[279  18]
[280  18]
[281  18]
[282  18]
[283  18]
[284  18]
[285  18]
[286  18]
[287  18]
[288  18]
[289  18]
[290  18]
[253  19]
[254  19]
[255  19]
[256  19]
[257  19]
[258  19]
[259  19]
[260  19]
[261  19]
[262  19]
[263  19]
[264  19]
[265  19]
[277  19]
[278  19]
[279  19]
[280  19]
[281  19]
[282  19]
[283  19]
[284  19]
[285  19]
[286  19]
[287  19]
[288  19]
[289  19]
[254  20]
[255  20]
[256  20]
[257  20]
[258  20]
[259  20]
[260  20]
[261  20]
[262  20]
[263  20]
[264  20]
[278  20]
[279  20]
[280  20]
[281  20]
[282  20]
[283  20]
[284  20]
[285  20]
[286  20]
[287  20]
[288  20]
[255  30]
[256  30]
[257  30]
[258  30]
[259  30]
[260  30]
[261  30]
[262  30]
[277  30]
[278  30]
[279  30]
[280  30]
[281  30]
[282  30]
[283  30]
[284  30]
[285  30]
[286  30]
[287  30]
[288  30]
[254  31]
[255  31]
[256  31]
[257  31]
[258  31]
[259  31]
[260  31]
[261  31]
[262  31]
[263  31]
[276  31]
[277  31]
[278  31]
[279  31]
[280  31]
[281  31]
[282  31]
[283  31]
[284  31]
[285  31]
[286  31]
[287  31]
[288  31]
[253  32]
[254  32]
[255  32]
[256  32]
[257  32]
[258  32]
[259  32]
[260  32]
[261  32]
[262  32]
[263  32]
[264  32]
[275  32]
[276  32]
[277  32]
[278  32]
[279  32]
[280  32]
[281  32]
[282  32]
[283  32]
[284  32]
[285  32]
[286  32]
[287  32]
[288  32]
[289  32]
[252  33]
[253  33]
[254  33]
[255  33]
[256  33]
[257  33]
[258  33]
[259  33]
[260  33]
[261  33]
[262  33]
[263  33]
[264  33]
[275  33]
[276  33]
[277  33]
[278  33]
[279  33]
[280  33]
[281  33]
[282  33]
[283  33]
[284  33]
[285  33]
[286  33]
[287  33]
[288  33]
[289  33]
[251  34]
[252  34]
[253  34]
[254  34]
[255  34]
[256  34]
[257  34]
[258  34]
[259  34]
[260  34]
[261  34]
[262  34]
[263  34]
[264  34]
[265  34]
[275  34]
[276  34]
[277  34]
[278  34]
[279  34]
[280  34]
[281  34]
[282  34]
[283  34]
[284  34]
[285  34]
[286  34]
[287  34]
[288  34]
[289  34]
[290  34]
[251  35]
[252  35]
[253  35]
[254  35]
[255  35]
[256  35]
[257  35]
[258  35]
[259  35]
[260  35]
[261  35]
[262  35]
[263  35]
[264  35]
[265  35]
[274  35]
[275  35]
[276  35]
[277  35]
[278  35]
[279  35]
[280  35]
[281  35]
[282  35]
[283  35]
[284  35]
[285  35]
[286  35]
[287  35]
[288  35]
[289  35]
[290  35]
[251  36]
[252  36]
[253  36]
[254  36]
[255  36]
[256  36]
[257  36]
[258  36]
[259  36]
[260  36]
[261  36]
[262  36]
[263  36]
[264  36]
[265  36]
[274  36]
[275  36]
[276  36]
[277  36]
[278  36]
[279  36]
[280  36]
[281  36]
[282  36]
[283  36]
[284  36]
[285  36]
[286  36]
[287  36]
[288  36]
[289  36]
[290  36]
[250  37]
[251  37]
[252  37]
[253  37]
[254  37]
[255  37]
[256  37]
[257  37]
[258  37]
[259  37]
[260  37]
[261  37]
[262  37]
[263  37]
[264  37]
[265  37]
[274  37]
[275  37]
[276  37]
[277  37]
[278  37]
[279  37]
[280  37]
[281  37]
[282  37]
[283  37]
[284  37]
[285  37]
[286  37]
[287  37]
[288  37]
[289  37]
[290  37]
[250  38]
[251  38]
[252  38]
[253  38]
[254  38]
[255  38]
[256  38]
[257  38]
[258  38]
[259  38]
[260  38]
[261  38]
[262  38]
[263  38]
[264  38]
[265  38]
[274  38]
[275  38]
[276  38]
[277  38]
[278  38]
[279  38]
[280  38]
[281  38]
[282  38]
[283  38]
[284  38]
[285  38]
[286  38]
[287  38]
[288  38]
[289  38]
[290  38]
[250  39]
[251  39]
[252  39]
[253  39]
[254  39]
[255  39]
[256  39]
[257  39]
[258  39]
[259  39]
[260  39]
[261  39]
[262  39]
[263  39]
[264  39]
[265  39]
[274  39]
[275  39]
[276  39]
[277  39]
[278  39]
[279  39]
[280  39]
[281  39]
[282  39]
[283  39]
[284  39]
[285  39]
[286  39]
[287  39]
[288  39]
[289  39]
[290  39]
[250  40]
[251  40]
[252  40]
[253  40]
[254  40]
[255  40]
[256  40]
[257  40]
[258  40]
[259  40]
[260  40]
[261  40]
[262  40]
[263  40]
[264  40]
[265  40]
[274  40]
[275  40]
[276  40]
[277  40]
[278  40]
[279  40]
[280  40]
[281  40]
[282  40]
[283  40]
[284  40]
[285  40]
[286  40]
[287  40]
[288  40]
[289  40]
[290  40]
[250  41]
[251  41]
[252  41]
[253  41]
[254  41]
[255  41]
[256  41]
[257  41]
[258  41]
[259  41]
[260  41]
[261  41]
[262  41]
[263  41]
[264  41]
[265  41]
[274  41]
[275  41]
[276  41]
[277  41]
[278  41]
[279  41]
[280  41]
[281  41]
[282  41]
[283  41]
[284  41]
[285  41]
[286  41]
[287  41]
[288  41]
[289  41]
[290  41]
[ 2 42]
[ 3 42]
[ 4 42]
[ 5 42]
[ 6 42]
[109  42]
[110  42]
[111  42]
[112  42]
[251  42]
[252  42]
[253  42]
[254  42]
[255  42]
[256  42]
[257  42]
[258  42]
[259  42]
[260  42]
[261  42]
[262  42]
[263  42]
[264  42]
[265  42]
[275  42]
[276  42]
[277  42]
[278  42]
[279  42]
[280  42]
[281  42]
[282  42]
[283  42]
[284  42]
[285  42]
[286  42]
[287  42]
[288  42]
[289  42]
[290  42]
[ 1 43]
[ 2 43]
[ 3 43]
[ 4 43]
[ 5 43]
[ 6 43]
[ 7 43]
[107  43]
[108  43]
[109  43]
[110  43]
[111  43]
[112  43]
[113  43]
[251  43]
[252  43]
[253  43]
[254  43]
[255  43]
[256  43]
[257  43]
[258  43]
[259  43]
[260  43]
[261  43]
[262  43]
[263  43]
[264  43]
[265  43]
[276  43]
[277  43]
[278  43]
[279  43]
[280  43]
[281  43]
[282  43]
[283  43]
[284  43]
[285  43]
[286  43]
[287  43]
[288  43]
[289  43]
[ 0 44]
[ 1 44]
[ 2 44]
[ 3 44]
[ 4 44]
[ 5 44]
[ 6 44]
[ 7 44]
[ 8 44]
[106  44]
[107  44]
[108  44]
[109  44]
[110  44]
[111  44]
[112  44]
[113  44]
[114  44]
[252  44]
[253  44]
[254  44]
[255  44]
[256  44]
[257  44]
[258  44]
[259  44]
[260  44]
[261  44]
[262  44]
[263  44]
[264  44]
[277  44]
[278  44]
[279  44]
[280  44]
[281  44]
[282  44]
[283  44]
[284  44]
[285  44]
[286  44]
[287  44]
[288  44]
[ 0 45]
[ 1 45]
[ 2 45]
[ 3 45]
[ 4 45]
[ 5 45]
[ 6 45]
[ 7 45]
[ 8 45]
[ 9 45]
[105  45]
[106  45]
[107  45]
[108  45]
[109  45]
[110  45]
[111  45]
[112  45]
[113  45]
[114  45]
[115  45]
[253  45]
[254  45]
[255  45]
[256  45]
[257  45]
[258  45]
[259  45]
[260  45]
[261  45]
[262  45]
[263  45]
[281  45]
[282  45]
[283  45]
[284  45]
[285  45]
[286  45]
[ 0 46]
[ 1 46]
[ 2 46]
[ 3 46]
[ 4 46]
[ 5 46]
[ 6 46]
[ 7 46]
[ 8 46]
[ 9 46]
[105  46]
[106  46]
[107  46]
[108  46]
[109  46]
[110  46]
[111  46]
[112  46]
[113  46]
[114  46]
[115  46]
[116  46]
[254  46]
[255  46]
[256  46]
[257  46]
[258  46]
[259  46]
[260  46]
[261  46]
[ 0 47]
[ 1 47]
[ 2 47]
[ 3 47]
[ 4 47]
[ 5 47]
[ 6 47]
[ 7 47]
[ 8 47]
[ 9 47]
[10 47]
[104  47]
[105  47]
[106  47]
[107  47]
[108  47]
[109  47]
[110  47]
[111  47]
[112  47]
[113  47]
[114  47]
[115  47]
[116  47]
[256  47]
[257  47]
[258  47]
[259  47]
[ 0 48]
[ 1 48]
[ 2 48]
[ 3 48]
[ 4 48]
[ 5 48]
[ 6 48]
[ 7 48]
[ 8 48]
[ 9 48]
[10 48]
[93 48]
[94 48]
[95 48]
[96 48]
[104  48]
[105  48]
[106  48]
[107  48]
[108  48]
[109  48]
[110  48]
[111  48]
[112  48]
[113  48]
[114  48]
[115  48]
[116  48]
[ 0 49]
[ 1 49]
[ 2 49]
[ 3 49]
[ 4 49]
[ 5 49]
[ 6 49]
[ 7 49]
[ 8 49]
[ 9 49]
[10 49]
[11 49]
[91 49]
[92 49]
[93 49]
[94 49]
[95 49]
[96 49]
[97 49]
[98 49]
[104  49]
[105  49]
[106  49]
[107  49]
[108  49]
[109  49]
[110  49]
[111  49]
[112  49]
[113  49]
[114  49]
[115  49]
[116  49]
[122  49]
[123  49]
[124  49]
[125  49]
[126  49]
[127  49]
[ 0 50]
[ 1 50]
[ 2 50]
[ 3 50]
[ 4 50]
[ 5 50]
[ 6 50]
[ 7 50]
[ 8 50]
[ 9 50]
[10 50]
[11 50]
[90 50]
[91 50]
[92 50]
[93 50]
[94 50]
[95 50]
[96 50]
[97 50]
[98 50]
[99 50]
[104  50]
[105  50]
[106  50]
[107  50]
[108  50]
[109  50]
[110  50]
[111  50]
[112  50]
[113  50]
[114  50]
[115  50]
[116  50]
[120  50]
[121  50]
[122  50]
[123  50]
[124  50]
[125  50]
[126  50]
[127  50]
[128  50]
[ 0 51]
[ 1 51]
[ 2 51]
[ 3 51]
[ 4 51]
[ 5 51]
[ 6 51]
[ 7 51]
[ 8 51]
[ 9 51]
[10 51]
[11 51]
[12 51]
[89 51]
[90 51]
[91 51]
[92 51]
[93 51]
[94 51]
[95 51]
[96 51]
[97 51]
[98 51]
[99 51]
[100  51]
[105  51]
[106  51]
[107  51]
[108  51]
[109  51]
[110  51]
[111  51]
[112  51]
[113  51]
[114  51]
[115  51]
[120  51]
[121  51]
[122  51]
[123  51]
[124  51]
[125  51]
[126  51]
[127  51]
[128  51]
[129  51]
[ 0 52]
[ 1 52]
[ 2 52]
[ 3 52]
[ 4 52]
[ 5 52]
[ 6 52]
[ 7 52]
[ 8 52]
[ 9 52]
[10 52]
[11 52]
[12 52]
[89 52]
[90 52]
[91 52]
[92 52]
[93 52]
[94 52]
[95 52]
[96 52]
[97 52]
[98 52]
[99 52]
[100  52]
[105  52]
[106  52]
[107  52]
[108  52]
[109  52]
[110  52]
[111  52]
[112  52]
[113  52]
[114  52]
[115  52]
[119  52]
[120  52]
[121  52]
[122  52]
[123  52]
[124  52]
[125  52]
[126  52]
[127  52]
[128  52]
[129  52]
[130  52]
[ 0 53]
[ 1 53]
[ 2 53]
[ 3 53]
[ 4 53]
[ 5 53]
[ 6 53]
[ 7 53]
[ 8 53]
[ 9 53]
[10 53]
[11 53]
[12 53]
[13 53]
[89 53]
[90 53]
[91 53]
[92 53]
[93 53]
[94 53]
[95 53]
[96 53]
[97 53]
[98 53]
[99 53]
[100  53]
[106  53]
[107  53]
[108  53]
[109  53]
[110  53]
[111  53]
[112  53]
[113  53]
[114  53]
[119  53]
[120  53]
[121  53]
[122  53]
[123  53]
[124  53]
[125  53]
[126  53]
[127  53]
[128  53]
[129  53]
[130  53]
[ 0 54]
[ 1 54]
[ 2 54]
[ 3 54]
[ 4 54]
[ 5 54]
[ 6 54]
[ 7 54]
[ 8 54]
[ 9 54]
[10 54]
[11 54]
[12 54]
[13 54]
[89 54]
[90 54]
[91 54]
[92 54]
[93 54]
[94 54]
[95 54]
[96 54]
[97 54]
[98 54]
[99 54]
[100  54]
[101  54]
[107  54]
[108  54]
[109  54]
[110  54]
[111  54]
[112  54]
[113  54]
[118  54]
[119  54]
[120  54]
[121  54]
[122  54]
[123  54]
[124  54]
[125  54]
[126  54]
[127  54]
[128  54]
[129  54]
[130  54]
[ 0 55]
[ 1 55]
[ 2 55]
[ 3 55]
[ 4 55]
[ 5 55]
[ 6 55]
[ 7 55]
[ 8 55]
[ 9 55]
[10 55]
[11 55]
[12 55]
[13 55]
[89 55]
[90 55]
[91 55]
[92 55]
[93 55]
[94 55]
[95 55]
[96 55]
[97 55]
[98 55]
[99 55]
[100  55]
[101  55]
[118  55]
[119  55]
[120  55]
[121  55]
[122  55]
[123  55]
[124  55]
[125  55]
[126  55]
[127  55]
[128  55]
[129  55]
[130  55]
[ 0 56]
[ 1 56]
[ 2 56]
[ 3 56]
[ 4 56]
[ 5 56]
[ 6 56]
[ 7 56]
[ 8 56]
[ 9 56]
[10 56]
[11 56]
[12 56]
[13 56]
[89 56]
[90 56]
[91 56]
[92 56]
[93 56]
[94 56]
[95 56]
[96 56]
[97 56]
[98 56]
[99 56]
[100  56]
[119  56]
[120  56]
[121  56]
[122  56]
[123  56]
[124  56]
[125  56]
[126  56]
[127  56]
[128  56]
[129  56]
[130  56]
[ 0 57]
[ 1 57]
[ 2 57]
[ 3 57]
[ 4 57]
[ 5 57]
[ 6 57]
[ 7 57]
[ 8 57]
[ 9 57]
[10 57]
[11 57]
[12 57]
[13 57]
[89 57]
[90 57]
[91 57]
[92 57]
[93 57]
[94 57]
[95 57]
[96 57]
[97 57]
[98 57]
[99 57]
[100  57]
[119  57]
[120  57]
[121  57]
[122  57]
[123  57]
[124  57]
[125  57]
[126  57]
[127  57]
[128  57]
[129  57]
[130  57]
[ 0 58]
[ 1 58]
[ 2 58]
[ 3 58]
[ 4 58]
[ 5 58]
[ 6 58]
[ 7 58]
[ 8 58]
[ 9 58]
[10 58]
[11 58]
[12 58]
[13 58]
[90 58]
[91 58]
[92 58]
[93 58]
[94 58]
[95 58]
[96 58]
[97 58]
[98 58]
[99 58]
[100  58]
[119  58]
[120  58]
[121  58]
[122  58]
[123  58]
[124  58]
[125  58]
[126  58]
[127  58]
[128  58]
[129  58]
[ 0 59]
[ 1 59]
[ 2 59]
[ 3 59]
[ 4 59]
[ 5 59]
[ 6 59]
[ 7 59]
[ 8 59]
[ 9 59]
[10 59]
[11 59]
[12 59]
[91 59]
[92 59]
[93 59]
[94 59]
[95 59]
[96 59]
[97 59]
[98 59]
[99 59]
[120  59]
[121  59]
[122  59]
[123  59]
[124  59]
[125  59]
[126  59]
[127  59]
[128  59]
[ 0 60]
[ 1 60]
[ 2 60]
[ 3 60]
[ 4 60]
[ 5 60]
[ 6 60]
[ 7 60]
[ 8 60]
[ 9 60]
[10 60]
[11 60]
[12 60]
[92 60]
[93 60]
[94 60]
[95 60]
[96 60]
[97 60]
[98 60]
[121  60]
[122  60]
[123  60]
[124  60]
[125  60]
[126  60]
[127  60]
[ 0 61]
[ 1 61]
[ 2 61]
[ 3 61]
[ 4 61]
[ 5 61]
[ 6 61]
[ 7 61]
[ 8 61]
[ 9 61]
[10 61]
[11 61]
[95 61]
[108  61]
[109  61]
[110  61]
[111  61]
[112  61]
[113  61]
[124  61]
[ 0 62]
[ 1 62]
[ 2 62]
[ 3 62]
[ 4 62]
[ 5 62]
[ 6 62]
[ 7 62]
[ 8 62]
[ 9 62]
[10 62]
[11 62]
[106  62]
[107  62]
[108  62]
[109  62]
[110  62]
[111  62]
[112  62]
[113  62]
[114  62]
[115  62]
[ 1 63]
[ 2 63]
[ 3 63]
[ 4 63]
[ 5 63]
[ 6 63]
[ 7 63]
[ 8 63]
[ 9 63]
[10 63]
[105  63]
[106  63]
[107  63]
[108  63]
[109  63]
[110  63]
[111  63]
[112  63]
[113  63]
[114  63]
[115  63]
[116  63]
[ 1 64]
[ 2 64]
[ 3 64]
[ 4 64]
[ 5 64]
[ 6 64]
[ 7 64]
[ 8 64]
[105  64]
[106  64]
[107  64]
[108  64]
[109  64]
[110  64]
[111  64]
[112  64]
[113  64]
[114  64]
[115  64]
[116  64]
[ 4 65]
[ 5 65]
[ 6 65]
[90 65]
[91 65]
[92 65]
[93 65]
[104  65]
[105  65]
[106  65]
[107  65]
[108  65]
[109  65]
[110  65]
[111  65]
[112  65]
[113  65]
[114  65]
[115  65]
[116  65]
[126  65]
[127  65]
[128  65]
[129  65]
[88 66]
[89 66]
[90 66]
[91 66]
[92 66]
[93 66]
[94 66]
[95 66]
[104  66]
[105  66]
[106  66]
[107  66]
[108  66]
[109  66]
[110  66]
[111  66]
[112  66]
[113  66]
[114  66]
[115  66]
[116  66]
[117  66]
[124  66]
[125  66]
[126  66]
[127  66]
[128  66]
[129  66]
[130  66]
[131  66]
[87 67]
[88 67]
[89 67]
[90 67]
[91 67]
[92 67]
[93 67]
[94 67]
[95 67]
[96 67]
[104  67]
[105  67]
[106  67]
[107  67]
[108  67]
[109  67]
[110  67]
[111  67]
[112  67]
[113  67]
[114  67]
[115  67]
[116  67]
[117  67]
[123  67]
[124  67]
[125  67]
[126  67]
[127  67]
[128  67]
[129  67]
[130  67]
[131  67]
[132  67]
[86 68]
[87 68]
[88 68]
[89 68]
[90 68]
[91 68]
[92 68]
[93 68]
[94 68]
[95 68]
[96 68]
[97 68]
[104  68]
[105  68]
[106  68]
[107  68]
[108  68]
[109  68]
[110  68]
[111  68]
[112  68]
[113  68]
[114  68]
[115  68]
[116  68]
[117  68]
[122  68]
[123  68]
[124  68]
[125  68]
[126  68]
[127  68]
[128  68]
[129  68]
[130  68]
[131  68]
[132  68]
[86 69]
[87 69]
[88 69]
[89 69]
[90 69]
[91 69]
[92 69]
[93 69]
[94 69]
[95 69]
[96 69]
[97 69]
[105  69]
[106  69]
[107  69]
[108  69]
[109  69]
[110  69]
[111  69]
[112  69]
[113  69]
[114  69]
[115  69]
[116  69]
[122  69]
[123  69]
[124  69]
[125  69]
[126  69]
[127  69]
[128  69]
[129  69]
[130  69]
[131  69]
[132  69]
[133  69]
[86 70]
[87 70]
[88 70]
[89 70]
[90 70]
[91 70]
[92 70]
[93 70]
[94 70]
[95 70]
[96 70]
[97 70]
[98 70]
[105  70]
[106  70]
[107  70]
[108  70]
[109  70]
[110  70]
[111  70]
[112  70]
[113  70]
[114  70]
[115  70]
[116  70]
[121  70]
[122  70]
[123  70]
[124  70]
[125  70]
[126  70]
[127  70]
[128  70]
[129  70]
[130  70]
[131  70]
[132  70]
[133  70]
[85 71]
[86 71]
[87 71]
[88 71]
[89 71]
[90 71]
[91 71]
[92 71]
[93 71]
[94 71]
[95 71]
[96 71]
[97 71]
[98 71]
[106  71]
[107  71]
[108  71]
[109  71]
[110  71]
[111  71]
[112  71]
[113  71]
[114  71]
[115  71]
[121  71]
[122  71]
[123  71]
[124  71]
[125  71]
[126  71]
[127  71]
[128  71]
[129  71]
[130  71]
[131  71]
[132  71]
[133  71]
[85 72]
[86 72]
[87 72]
[88 72]
[89 72]
[90 72]
[91 72]
[92 72]
[93 72]
[94 72]
[95 72]
[96 72]
[97 72]
[98 72]
[107  72]
[108  72]
[109  72]
[110  72]
[111  72]
[112  72]
[113  72]
[114  72]
[121  72]
[122  72]
[123  72]
[124  72]
[125  72]
[126  72]
[127  72]
[128  72]
[129  72]
[130  72]
[131  72]
[132  72]
[133  72]
[86 73]
[87 73]
[88 73]
[89 73]
[90 73]
[91 73]
[92 73]
[93 73]
[94 73]
[95 73]
[96 73]
[97 73]
[109  73]
[110  73]
[111  73]
[112  73]
[122  73]
[123  73]
[124  73]
[125  73]
[126  73]
[127  73]
[128  73]
[129  73]
[130  73]
[131  73]
[132  73]
[133  73]
[86 74]
[87 74]
[88 74]
[89 74]
[90 74]
[91 74]
[92 74]
[93 74]
[94 74]
[95 74]
[96 74]
[97 74]
[122  74]
[123  74]
[124  74]
[125  74]
[126  74]
[127  74]
[128  74]
[129  74]
[130  74]
[131  74]
[132  74]
[133  74]
[87 75]
[88 75]
[89 75]
[90 75]
[91 75]
[92 75]
[93 75]
[94 75]
[95 75]
[96 75]
[123  75]
[124  75]
[125  75]
[126  75]
[127  75]
[128  75]
[129  75]
[130  75]
[131  75]
[132  75]
[ 1 76]
[ 2 76]
[ 3 76]
[ 4 76]
[ 5 76]
[ 6 76]
[88 76]
[89 76]
[90 76]
[91 76]
[92 76]
[93 76]
[94 76]
[95 76]
[124  76]
[125  76]
[126  76]
[127  76]
[128  76]
[129  76]
[130  76]
[131  76]
[ 0 77]
[ 1 77]
[ 2 77]
[ 3 77]
[ 4 77]
[ 5 77]
[ 6 77]
[ 7 77]
[89 77]
[90 77]
[91 77]
[92 77]
[93 77]
[94 77]
[125  77]
[126  77]
[127  77]
[128  77]
[129  77]
[130  77]
[ 0 78]
[ 1 78]
[ 2 78]
[ 3 78]
[ 4 78]
[ 5 78]
[ 6 78]
[ 7 78]
[101  78]
[117  78]
[118  78]
[119  78]
[ 0 79]
[ 1 79]
[ 2 79]
[ 3 79]
[ 4 79]
[ 5 79]
[ 6 79]
[ 7 79]
[ 8 79]
[98 79]
[99 79]
[100  79]
[101  79]
[102  79]
[103  79]
[104  79]
[115  79]
[116  79]
[117  79]
[118  79]
[119  79]
[120  79]
[121  79]
[279  79]
[280  79]
[281  79]
[282  79]
[283  79]
[284  79]
[285  79]
[286  79]
[287  79]
[288  79]
[289  79]
[290  79]
[291  79]
[292  79]
[293  79]
[294  79]
[295  79]
[296  79]
[297  79]
[298  79]
[299  79]
[300  79]
[301  79]
[302  79]
[303  79]
[304  79]
[305  79]
[306  79]
[ 0 80]
[ 1 80]
[ 2 80]
[ 3 80]
[ 4 80]
[ 5 80]
[ 6 80]
[ 7 80]
[ 8 80]
[97 80]
[98 80]
[99 80]
[100  80]
[101  80]
[102  80]
[103  80]
[104  80]
[105  80]
[114  80]
[115  80]
[116  80]
[117  80]
[118  80]
[119  80]
[120  80]
[121  80]
[122  80]
[278  80]
[279  80]
[280  80]
[281  80]
[282  80]
[283  80]
[285  80]
[287  80]
[288  80]
[289  80]
[290  80]
[291  80]
[292  80]
[293  80]
[294  80]
[295  80]
[296  80]
[297  80]
[298  80]
[299  80]
[300  80]
[301  80]
[302  80]
[303  80]
[304  80]
[305  80]
[306  80]
[307  80]
[ 0 81]
[ 1 81]
[ 2 81]
[ 3 81]
[ 4 81]
[ 5 81]
[ 6 81]
[ 7 81]
[ 8 81]
[96 81]
[97 81]
[98 81]
[99 81]
[100  81]
[101  81]
[102  81]
[103  81]
[104  81]
[105  81]
[106  81]
[113  81]
[114  81]
[115  81]
[116  81]
[117  81]
[118  81]
[119  81]
[120  81]
[121  81]
[122  81]
[123  81]
[277  81]
[278  81]
[279  81]
[280  81]
[281  81]
[282  81]
[283  81]
[284  81]
[285  81]
[286  81]
[287  81]
[288  81]
[289  81]
[290  81]
[291  81]
[292  81]
[293  81]
[294  81]
[295  81]
[296  81]
[297  81]
[298  81]
[299  81]
[300  81]
[301  81]
[302  81]
[303  81]
[304  81]
[305  81]
[306  81]
[307  81]
[308  81]
[ 0 82]
[ 1 82]
[ 2 82]
[ 3 82]
[ 4 82]
[ 5 82]
[ 6 82]
[ 7 82]
[ 8 82]
[95 82]
[96 82]
[97 82]
[98 82]
[99 82]
[100  82]
[101  82]
[102  82]
[103  82]
[104  82]
[105  82]
[106  82]
[113  82]
[114  82]
[115  82]
[116  82]
[117  82]
[118  82]
[119  82]
[120  82]
[121  82]
[122  82]
[123  82]
[124  82]
[276  82]
[277  82]
[278  82]
[279  82]
[280  82]
[281  82]
[282  82]
[283  82]
[284  82]
[285  82]
[286  82]
[287  82]
[288  82]
[289  82]
[290  82]
[291  82]
[292  82]
[293  82]
[294  82]
[295  82]
[296  82]
[297  82]
[298  82]
[299  82]
[300  82]
[301  82]
[302  82]
[303  82]
[304  82]
[305  82]
[306  82]
[307  82]
[308  82]
[309  82]
[ 0 83]
[ 1 83]
[ 2 83]
[ 3 83]
[ 4 83]
[ 5 83]
[ 6 83]
[ 7 83]
[95 83]
[96 83]
[97 83]
[98 83]
[99 83]
[100  83]
[101  83]
[102  83]
[103  83]
[104  83]
[105  83]
[106  83]
[107  83]
[112  83]
[113  83]
[114  83]
[115  83]
[116  83]
[117  83]
[118  83]
[119  83]
[120  83]
[121  83]
[122  83]
[123  83]
[124  83]
[276  83]
[277  83]
[278  83]
[279  83]
[280  83]
[281  83]
[282  83]
[283  83]
[284  83]
[285  83]
[286  83]
[287  83]
[288  83]
[289  83]
[290  83]
[291  83]
[292  83]
[293  83]
[294  83]
[295  83]
[296  83]
[297  83]
[298  83]
[299  83]
[300  83]
[301  83]
[302  83]
[303  83]
[304  83]
[305  83]
[306  83]
[307  83]
[308  83]
[309  83]
[ 0 84]
[ 1 84]
[ 2 84]
[ 3 84]
[ 4 84]
[ 5 84]
[ 6 84]
[ 7 84]
[95 84]
[96 84]
[97 84]
[98 84]
[99 84]
[100  84]
[101  84]
[102  84]
[103  84]
[104  84]
[105  84]
[106  84]
[107  84]
[112  84]
[113  84]
[114  84]
[115  84]
[116  84]
[117  84]
[118  84]
[119  84]
[120  84]
[121  84]
[122  84]
[123  84]
[124  84]
[276  84]
[277  84]
[278  84]
[279  84]
[280  84]
[281  84]
[282  84]
[283  84]
[284  84]
[285  84]
[286  84]
[287  84]
[288  84]
[289  84]
[290  84]
[291  84]
[292  84]
[293  84]
[294  84]
[295  84]
[296  84]
[297  84]
[298  84]
[299  84]
[300  84]
[301  84]
[302  84]
[303  84]
[304  84]
[305  84]
[306  84]
[307  84]
[308  84]
[309  84]
[ 0 85]
[ 1 85]
[ 2 85]
[ 3 85]
[ 4 85]
[ 5 85]
[ 6 85]
[95 85]
[96 85]
[97 85]
[98 85]
[99 85]
[100  85]
[101  85]
[102  85]
[103  85]
[104  85]
[105  85]
[106  85]
[107  85]
[112  85]
[113  85]
[114  85]
[115  85]
[116  85]
[117  85]
[118  85]
[119  85]
[120  85]
[121  85]
[122  85]
[123  85]
[124  85]
[276  85]
[277  85]
[278  85]
[279  85]
[280  85]
[281  85]
[282  85]
[283  85]
[284  85]
[285  85]
[286  85]
[287  85]
[288  85]
[289  85]
[290  85]
[291  85]
[292  85]
[293  85]
[294  85]
[295  85]
[296  85]
[297  85]
[298  85]
[299  85]
[300  85]
[301  85]
[302  85]
[303  85]
[304  85]
[305  85]
[306  85]
[307  85]
[308  85]
[309  85]
[95 86]
[96 86]
[97 86]
[98 86]
[99 86]
[100  86]
[101  86]
[102  86]
[103  86]
[104  86]
[105  86]
[106  86]
[107  86]
[113  86]
[114  86]
[115  86]
[116  86]
[117  86]
[118  86]
[119  86]
[120  86]
[121  86]
[122  86]
[123  86]
[124  86]
[276  86]
[277  86]
[278  86]
[279  86]
[280  86]
[281  86]
[282  86]
[283  86]
[284  86]
[285  86]
[286  86]
[287  86]
[288  86]
[289  86]
[290  86]
[291  86]
[292  86]
[293  86]
[294  86]
[295  86]
[296  86]
[297  86]
[298  86]
[299  86]
[300  86]
[301  86]
[302  86]
[303  86]
[304  86]
[305  86]
[306  86]
[307  86]
[308  86]
[309  86]
[95 87]
[96 87]
[97 87]
[98 87]
[99 87]
[100  87]
[101  87]
[102  87]
[103  87]
[104  87]
[105  87]
[106  87]
[113  87]
[114  87]
[115  87]
[116  87]
[117  87]
[118  87]
[119  87]
[120  87]
[121  87]
[122  87]
[123  87]
[124  87]
[276  87]
[277  87]
[278  87]
[279  87]
[280  87]
[281  87]
[282  87]
[283  87]
[284  87]
[285  87]
[286  87]
[287  87]
[288  87]
[289  87]
[290  87]
[291  87]
[292  87]
[293  87]
[294  87]
[295  87]
[296  87]
[297  87]
[298  87]
[299  87]
[300  87]
[301  87]
[302  87]
[303  87]
[304  87]
[305  87]
[306  87]
[307  87]
[308  87]
[309  87]
[96 88]
[97 88]
[98 88]
[99 88]
[100  88]
[101  88]
[102  88]
[103  88]
[104  88]
[105  88]
[106  88]
[114  88]
[115  88]
[116  88]
[117  88]
[118  88]
[119  88]
[120  88]
[121  88]
[122  88]
[123  88]
[276  88]
[277  88]
[278  88]
[279  88]
[280  88]
[281  88]
[282  88]
[283  88]
[284  88]
[285  88]
[286  88]
[287  88]
[288  88]
[289  88]
[290  88]
[291  88]
[292  88]
[293  88]
[294  88]
[295  88]
[296  88]
[297  88]
[298  88]
[299  88]
[300  88]
[301  88]
[302  88]
[303  88]
[304  88]
[305  88]
[306  88]
[307  88]
[308  88]
[309  88]
[96 89]
[97 89]
[98 89]
[99 89]
[100  89]
[101  89]
[102  89]
[103  89]
[104  89]
[105  89]
[115  89]
[116  89]
[117  89]
[118  89]
[119  89]
[120  89]
[121  89]
[122  89]
[276  89]
[277  89]
[278  89]
[279  89]
[280  89]
[281  89]
[282  89]
[283  89]
[284  89]
[285  89]
[286  89]
[287  89]
[288  89]
[289  89]
[290  89]
[291  89]
[292  89]
[293  89]
[294  89]
[295  89]
[296  89]
[297  89]
[298  89]
[299  89]
[300  89]
[301  89]
[302  89]
[303  89]
[304  89]
[305  89]
[306  89]
[308  89]
[309  89]
[97 90]
[98 90]
[99 90]
[100  90]
[101  90]
[102  90]
[103  90]
[104  90]
[116  90]
[117  90]
[118  90]
[119  90]
[120  90]
[121  90]
[276  90]
[278  90]
[279  90]
[280  90]
[281  90]
[282  90]
[283  90]
[284  90]
[285  90]
[286  90]
[287  90]
[288  90]
[289  90]
[290  90]
[291  90]
[292  90]
[293  90]
[294  90]
[295  90]
[296  90]
[297  90]
[298  90]
[299  90]
[301  90]
[302  90]
[303  90]
[304  90]
[305  90]
[306  90]
[307  90]
[308  90]
[309  90]
[100  91]
[101  91]
[102  91]
[276  91]
[277  91]
[278  91]
[279  91]
[280  91]
[281  91]
[282  91]
[283  91]
[284  91]
[285  91]
[286  91]
[287  91]
[288  91]
[289  91]
[290  91]
[291  91]
[292  91]
[293  91]
[294  91]
[295  91]
[296  91]
[297  91]
[298  91]
[299  91]
[300  91]
[301  91]
[302  91]
[303  91]
[304  91]
[305  91]
[306  91]
[307  91]
[308  91]
[309  91]
[276  92]
[277  92]
[278  92]
[279  92]
[280  92]
[281  92]
[282  92]
[283  92]
[284  92]
[285  92]
[286  92]
[287  92]
[288  92]
[289  92]
[290  92]
[291  92]
[292  92]
[293  92]
[294  92]
[295  92]
[296  92]
[297  92]
[298  92]
[299  92]
[300  92]
[301  92]
[302  92]
[303  92]
[304  92]
[305  92]
[306  92]
[307  92]
[308  92]
[309  92]
[276  93]
[277  93]
[278  93]
[279  93]
[280  93]
[281  93]
[282  93]
[283  93]
[284  93]
[285  93]
[286  93]
[287  93]
[288  93]
[289  93]
[290  93]
[291  93]
[292  93]
[293  93]
[294  93]
[295  93]
[296  93]
[297  93]
[298  93]
[299  93]
[300  93]
[301  93]
[302  93]
[303  93]
[304  93]
[305  93]
[306  93]
[307  93]
[308  93]
[309  93]
[276  94]
[277  94]
[278  94]
[279  94]
[280  94]
[281  94]
[282  94]
[283  94]
[284  94]
[285  94]
[286  94]
[287  94]
[288  94]
[289  94]
[290  94]
[291  94]
[292  94]
[293  94]
[294  94]
[295  94]
[296  94]
[297  94]
[298  94]
[299  94]
[300  94]
[301  94]
[302  94]
[303  94]
[304  94]
[305  94]
[306  94]
[307  94]
[308  94]
[309  94]
[276  95]
[277  95]
[278  95]
[279  95]
[280  95]
[281  95]
[282  95]
[283  95]
[284  95]
[285  95]
[286  95]
[287  95]
[288  95]
[289  95]
[290  95]
[291  95]
[292  95]
[293  95]
[294  95]
[295  95]
[296  95]
[297  95]
[298  95]
[299  95]
[300  95]
[301  95]
[302  95]
[303  95]
[304  95]
[305  95]
[306  95]
[307  95]
[308  95]
[309  95]
[276  96]
[277  96]
[278  96]
[279  96]
[280  96]
[281  96]
[282  96]
[283  96]
[284  96]
[285  96]
[286  96]
[287  96]
[288  96]
[289  96]
[290  96]
[291  96]
[292  96]
[293  96]
[294  96]
[295  96]
[296  96]
[297  96]
[298  96]
[299  96]
[300  96]
[301  96]
[302  96]
[303  96]
[304  96]
[305  96]
[306  96]
[307  96]
[308  96]
[309  96]
[276  97]
[277  97]
[278  97]
[279  97]
[280  97]
[281  97]
[282  97]
[283  97]
[284  97]
[285  97]
[286  97]
[287  97]
[288  97]
[289  97]
[290  97]
[291  97]
[292  97]
[293  97]
[294  97]
[295  97]
[296  97]
[297  97]
[298  97]
[299  97]
[300  97]
[301  97]
[302  97]
[303  97]
[304  97]
[305  97]
[306  97]
[307  97]
[308  97]
[309  97]
[276  98]
[277  98]
[278  98]
[279  98]
[280  98]
[281  98]
[282  98]
[283  98]
[284  98]
[285  98]
[286  98]
[287  98]
[288  98]
[289  98]
[290  98]
[291  98]
[292  98]
[293  98]
[294  98]
[295  98]
[296  98]
[297  98]
[298  98]
[299  98]
[300  98]
[301  98]
[302  98]
[303  98]
[304  98]
[305  98]
[306  98]
[307  98]
[308  98]
[309  98]
[276  99]
[277  99]
[278  99]
[279  99]
[280  99]
[281  99]
[282  99]
[283  99]
[284  99]
[285  99]
[286  99]
[287  99]
[288  99]
[289  99]
[290  99]
[291  99]
[292  99]
[293  99]
[294  99]
[295  99]
[296  99]
[297  99]
[298  99]
[299  99]
[300  99]
[301  99]
[302  99]
[303  99]
[304  99]
[305  99]
[306  99]
[307  99]
[308  99]
[309  99]
[276 100]
[277 100]
[278 100]
[279 100]
[280 100]
[281 100]
[282 100]
[283 100]
[284 100]
[285 100]
[286 100]
[287 100]
[288 100]
[289 100]
[290 100]
[291 100]
[292 100]
[293 100]
[294 100]
[295 100]
[296 100]
[297 100]
[298 100]
[299 100]
[300 100]
[301 100]
[302 100]
[303 100]
[304 100]
[305 100]
[306 100]
[307 100]
[308 100]
[309 100]
[276 101]
[277 101]
[278 101]
[279 101]
[280 101]
[281 101]
[282 101]
[283 101]
[284 101]
[285 101]
[286 101]
[287 101]
[288 101]
[289 101]
[290 101]
[291 101]
[292 101]
[293 101]
[294 101]
[295 101]
[296 101]
[297 101]
[298 101]
[299 101]
[300 101]
[301 101]
[302 101]
[303 101]
[304 101]
[305 101]
[306 101]
[307 101]
[308 101]
[309 101]
[276 102]
[277 102]
[278 102]
[279 102]
[280 102]
[281 102]
[282 102]
[283 102]
[284 102]
[285 102]
[286 102]
[287 102]
[288 102]
[289 102]
[290 102]
[291 102]
[292 102]
[293 102]
[294 102]
[295 102]
[296 102]
[297 102]
[298 102]
[299 102]
[300 102]
[301 102]
[302 102]
[303 102]
[304 102]
[305 102]
[306 102]
[307 102]
[308 102]
[309 102]
[276 103]
[277 103]
[278 103]
[279 103]
[280 103]
[281 103]
[282 103]
[283 103]
[284 103]
[285 103]
[286 103]
[287 103]
[288 103]
[289 103]
[290 103]
[291 103]
[292 103]
[293 103]
[294 103]
[295 103]
[296 103]
[297 103]
[298 103]
[299 103]
[300 103]
[301 103]
[302 103]
[303 103]
[304 103]
[305 103]
[307 103]
[308 103]
[309 103]
[276 104]
[277 104]
[278 104]
[279 104]
[280 104]
[281 104]
[282 104]
[283 104]
[284 104]
[285 104]
[286 104]
[287 104]
[288 104]
[289 104]
[290 104]
[291 104]
[292 104]
[293 104]
[294 104]
[295 104]
[296 104]
[297 104]
[298 104]
[299 104]
[300 104]
[301 104]
[302 104]
[303 104]
[304 104]
[305 104]
[306 104]
[307 104]
[308 104]
[309 104]
[276 105]
[277 105]
[278 105]
[279 105]
[280 105]
[281 105]
[282 105]
[283 105]
[284 105]
[285 105]
[286 105]
[287 105]
[288 105]
[289 105]
[290 105]
[291 105]
[292 105]
[293 105]
[294 105]
[295 105]
[296 105]
[297 105]
[298 105]
[299 105]
[300 105]
[301 105]
[302 105]
[303 105]
[304 105]
[305 105]
[306 105]
[307 105]
[308 105]
[309 105]
[276 106]
[277 106]
[278 106]
[279 106]
[280 106]
[281 106]
[282 106]
[283 106]
[284 106]
[285 106]
[286 106]
[287 106]
[288 106]
[289 106]
[290 106]
[291 106]
[292 106]
[293 106]
[294 106]
[295 106]
[296 106]
[297 106]
[298 106]
[299 106]
[300 106]
[301 106]
[302 106]
[303 106]
[304 106]
[305 106]
[306 106]
[307 106]
[308 106]
[309 106]
[276 107]
[277 107]
[278 107]
[279 107]
[280 107]
[281 107]
[282 107]
[283 107]
[284 107]
[285 107]
[286 107]
[287 107]
[288 107]
[289 107]
[290 107]
[291 107]
[292 107]
[293 107]
[294 107]
[295 107]
[296 107]
[297 107]
[298 107]
[299 107]
[300 107]
[301 107]
[302 107]
[303 107]
[304 107]
[305 107]
[306 107]
[307 107]
[308 107]
[309 107]
[276 108]
[277 108]
[278 108]
[279 108]
[280 108]
[281 108]
[282 108]
[283 108]
[284 108]
[285 108]
[286 108]
[287 108]
[288 108]
[289 108]
[290 108]
[291 108]
[292 108]
[293 108]
[294 108]
[295 108]
[296 108]
[297 108]
[298 108]
[299 108]
[300 108]
[301 108]
[302 108]
[303 108]
[304 108]
[305 108]
[306 108]
[307 108]
[308 108]
[309 108]
[276 109]
[277 109]
[278 109]
[279 109]
[280 109]
[281 109]
[282 109]
[283 109]
[284 109]
[285 109]
[286 109]
[287 109]
[288 109]
[289 109]
[290 109]
[291 109]
[292 109]
[293 109]
[294 109]
[295 109]
[296 109]
[297 109]
[298 109]
[299 109]
[300 109]
[301 109]
[302 109]
[303 109]
[304 109]
[305 109]
[306 109]
[307 109]
[308 109]
[309 109]
[277 110]
[278 110]
[279 110]
[280 110]
[281 110]
[282 110]
[283 110]
[284 110]
[285 110]
[286 110]
[287 110]
[288 110]
[289 110]
[290 110]
[291 110]
[292 110]
[293 110]
[294 110]
[295 110]
[296 110]
[297 110]
[298 110]
[299 110]
[300 110]
[301 110]
[302 110]
[303 110]
[304 110]
[305 110]
[306 110]
[307 110]
[308 110]
[278 111]
[280 111]
[281 111]
[282 111]
[283 111]
[284 111]
[285 111]
[286 111]
[287 111]
[288 111]
[289 111]
[290 111]
[291 111]
[292 111]
[293 111]
[294 111]
[295 111]
[296 111]
[297 111]
[298 111]
[299 111]
[300 111]
[301 111]
[302 111]
[303 111]
[304 111]
[305 111]
[306 111]
[307 111]
[279 112]
[280 112]
[281 112]
[282 112]
[283 112]
[284 112]
[285 112]
[286 112]
[287 112]
[288 112]
[289 112]
[290 112]
[291 112]
[292 112]
[293 112]
[294 112]
[295 112]
[296 112]
[297 112]
[298 112]
[299 112]
[300 112]
[301 112]
[302 112]
[303 112]
[304 112]
[305 112]
[306 112]
[ 51 116]
[ 49 117]
[ 50 117]
[ 51 117]
[ 52 117]
[ 53 117]
[ 54 117]
[ 48 118]
[ 49 118]
[ 50 118]
[ 51 118]
[ 52 118]
[ 53 118]
[ 54 118]
[191 118]
[192 118]
[193 118]
[194 118]
[195 118]
[196 118]
[197 118]
[198 118]
[199 118]
[ 47 119]
[ 48 119]
[ 49 119]
[ 50 119]
[ 51 119]
[ 52 119]
[ 53 119]
[ 54 119]
[ 55 119]
[190 119]
[191 119]
[192 119]
[193 119]
[194 119]
[195 119]
[196 119]
[197 119]
[198 119]
[199 119]
[200 119]
[ 47 120]
[ 48 120]
[ 49 120]
[ 50 120]
[ 51 120]
[ 52 120]
[ 53 120]
[ 54 120]
[ 55 120]
[ 74 120]
[ 75 120]
[ 76 120]
[ 77 120]
[ 78 120]
[ 79 120]
[ 80 120]
[ 81 120]
[ 82 120]
[ 83 120]
[ 84 120]
[134 120]
[135 120]
[136 120]
[137 120]
[138 120]
[139 120]
[162 120]
[163 120]
[164 120]
[165 120]
[166 120]
[167 120]
[190 120]
[191 120]
[192 120]
[193 120]
[194 120]
[195 120]
[196 120]
[197 120]
[198 120]
[199 120]
[200 120]
[ 19 121]
[ 20 121]
[ 21 121]
[ 22 121]
[ 23 121]
[ 24 121]
[ 47 121]
[ 48 121]
[ 49 121]
[ 50 121]
[ 51 121]
[ 52 121]
[ 53 121]
[ 54 121]
[ 55 121]
[ 73 121]
[ 74 121]
[ 75 121]
[ 76 121]
[ 77 121]
[ 78 121]
[ 79 121]
[ 80 121]
[ 81 121]
[ 82 121]
[ 83 121]
[ 84 121]
[ 85 121]
[105 121]
[106 121]
[107 121]
[108 121]
[109 121]
[110 121]
[133 121]
[134 121]
[135 121]
[136 121]
[137 121]
[138 121]
[139 121]
[140 121]
[161 121]
[162 121]
[163 121]
[164 121]
[165 121]
[166 121]
[167 121]
[168 121]
[190 121]
[191 121]
[192 121]
[193 121]
[194 121]
[195 121]
[196 121]
[197 121]
[198 121]
[199 121]
[200 121]
[ 18 122]
[ 19 122]
[ 20 122]
[ 21 122]
[ 22 122]
[ 23 122]
[ 24 122]
[ 25 122]
[ 47 122]
[ 48 122]
[ 49 122]
[ 50 122]
[ 51 122]
[ 52 122]
[ 53 122]
[ 54 122]
[ 55 122]
[ 72 122]
[ 73 122]
[ 74 122]
[ 75 122]
[ 76 122]
[ 77 122]
[ 78 122]
[ 79 122]
[ 80 122]
[ 81 122]
[ 82 122]
[ 83 122]
[ 84 122]
[ 85 122]
[ 86 122]
[104 122]
[105 122]
[106 122]
[107 122]
[108 122]
[109 122]
[110 122]
[111 122]
[133 122]
[134 122]
[135 122]
[136 122]
[137 122]
[138 122]
[139 122]
[140 122]
[141 122]
[160 122]
[161 122]
[162 122]
[163 122]
[164 122]
[165 122]
[166 122]
[167 122]
[168 122]
[169 122]
[190 122]
[191 122]
[192 122]
[193 122]
[194 122]
[195 122]
[196 122]
[197 122]
[198 122]
[199 122]
[200 122]
[ 18 123]
[ 19 123]
[ 20 123]
[ 21 123]
[ 22 123]
[ 23 123]
[ 24 123]
[ 25 123]
[ 47 123]
[ 48 123]
[ 49 123]
[ 50 123]
[ 51 123]
[ 52 123]
[ 53 123]
[ 54 123]
[ 55 123]
[ 72 123]
[ 73 123]
[ 74 123]
[ 75 123]
[ 76 123]
[ 77 123]
[ 78 123]
[ 79 123]
[ 80 123]
[ 81 123]
[ 82 123]
[ 83 123]
[ 84 123]
[ 85 123]
[ 86 123]
[104 123]
[105 123]
[106 123]
[107 123]
[108 123]
[109 123]
[110 123]
[111 123]
[133 123]
[134 123]
[135 123]
[136 123]
[137 123]
[138 123]
[139 123]
[140 123]
[141 123]
[160 123]
[161 123]
[162 123]
[163 123]
[164 123]
[165 123]
[166 123]
[167 123]
[168 123]
[169 123]
[190 123]
[191 123]
[192 123]
[193 123]
[194 123]
[195 123]
[196 123]
[197 123]
[198 123]
[199 123]
[200 123]
[ 18 124]
[ 19 124]
[ 20 124]
[ 21 124]
[ 22 124]
[ 23 124]
[ 24 124]
[ 25 124]
[ 48 124]
[ 49 124]
[ 50 124]
[ 51 124]
[ 52 124]
[ 53 124]
[ 54 124]
[ 55 124]
[ 72 124]
[ 73 124]
[ 74 124]
[ 75 124]
[ 76 124]
[ 77 124]
[ 78 124]
[ 79 124]
[ 80 124]
[ 81 124]
[ 82 124]
[ 83 124]
[ 84 124]
[ 85 124]
[ 86 124]
[104 124]
[105 124]
[106 124]
[107 124]
[108 124]
[109 124]
[110 124]
[111 124]
[133 124]
[134 124]
[135 124]
[136 124]
[137 124]
[138 124]
[139 124]
[140 124]
[141 124]
[160 124]
[161 124]
[162 124]
[163 124]
[164 124]
[165 124]
[166 124]
[167 124]
[168 124]
[169 124]
[190 124]
[191 124]
[192 124]
[193 124]
[194 124]
[195 124]
[196 124]
[197 124]
[198 124]
[199 124]
[200 124]
[ 18 125]
[ 19 125]
[ 20 125]
[ 21 125]
[ 22 125]
[ 23 125]
[ 24 125]
[ 25 125]
[ 49 125]
[ 50 125]
[ 51 125]
[ 52 125]
[ 53 125]
[ 54 125]
[ 72 125]
[ 73 125]
[ 74 125]
[ 75 125]
[ 76 125]
[ 77 125]
[ 78 125]
[ 79 125]
[ 80 125]
[ 81 125]
[ 82 125]
[ 83 125]
[ 84 125]
[ 85 125]
[ 86 125]
[104 125]
[105 125]
[106 125]
[107 125]
[108 125]
[109 125]
[110 125]
[111 125]
[133 125]
[134 125]
[135 125]
[136 125]
[137 125]
[138 125]
[139 125]
[140 125]
[141 125]
[160 125]
[161 125]
[162 125]
[163 125]
[164 125]
[165 125]
[166 125]
[167 125]
[168 125]
[169 125]
[190 125]
[191 125]
[192 125]
[193 125]
[194 125]
[195 125]
[196 125]
[197 125]
[198 125]
[199 125]
[200 125]
[ 18 126]
[ 19 126]
[ 20 126]
[ 21 126]
[ 22 126]
[ 23 126]
[ 24 126]
[ 25 126]
[ 50 126]
[ 51 126]
[ 52 126]
[ 72 126]
[ 73 126]
[ 74 126]
[ 75 126]
[ 76 126]
[ 77 126]
[ 78 126]
[ 79 126]
[ 80 126]
[ 81 126]
[ 82 126]
[ 83 126]
[ 84 126]
[ 85 126]
[104 126]
[105 126]
[106 126]
[107 126]
[108 126]
[109 126]
[110 126]
[111 126]
[133 126]
[134 126]
[135 126]
[136 126]
[137 126]
[138 126]
[139 126]
[140 126]
[141 126]
[160 126]
[161 126]
[162 126]
[163 126]
[164 126]
[165 126]
[166 126]
[167 126]
[168 126]
[169 126]
[190 126]
[191 126]
[192 126]
[193 126]
[194 126]
[195 126]
[196 126]
[197 126]
[198 126]
[199 126]
[200 126]
[ 18 127]
[ 19 127]
[ 20 127]
[ 21 127]
[ 22 127]
[ 23 127]
[ 24 127]
[ 25 127]
[ 73 127]
[ 74 127]
[ 75 127]
[ 76 127]
[ 77 127]
[ 78 127]
[ 79 127]
[ 80 127]
[ 81 127]
[ 82 127]
[ 83 127]
[ 84 127]
[ 85 127]
[104 127]
[105 127]
[106 127]
[107 127]
[108 127]
[109 127]
[110 127]
[111 127]
[134 127]
[135 127]
[136 127]
[137 127]
[138 127]
[139 127]
[140 127]
[160 127]
[161 127]
[162 127]
[163 127]
[164 127]
[165 127]
[166 127]
[167 127]
[168 127]
[169 127]
[190 127]
[191 127]
[192 127]
[193 127]
[194 127]
[195 127]
[196 127]
[197 127]
[198 127]
[199 127]
[200 127]
[ 19 128]
[ 20 128]
[ 21 128]
[ 22 128]
[ 23 128]
[ 73 128]
[ 74 128]
[ 75 128]
[ 76 128]
[ 77 128]
[ 78 128]
[ 79 128]
[ 80 128]
[ 81 128]
[ 82 128]
[ 83 128]
[ 84 128]
[105 128]
[106 128]
[107 128]
[108 128]
[109 128]
[110 128]
[134 128]
[135 128]
[136 128]
[137 128]
[138 128]
[139 128]
[161 128]
[162 128]
[163 128]
[164 128]
[165 128]
[166 128]
[167 128]
[168 128]
[191 128]
[192 128]
[193 128]
[194 128]
[195 128]
[196 128]
[197 128]
[198 128]
[199 128]
[161 129]
[162 129]
[163 129]
[164 129]
[165 129]
[166 129]
[167 129]
[168 129]
